%YAML:1.0
---

camera_CI_MAT: !!opencv-matrix
  rows: 3
  cols: 3
  dt: d
  data: [802.081304, 0.000000, 332.483229,0.000000, 795.871309, 148.056867,0.000000, 0.000000, 1.000000]

camera_D_MAT: !!opencv-matrix
  rows: 1
  cols: 5
  dt: d
  data: [-0.068028, -0.034964, 0.002390, -0.001252, 0.000000]




