image_width: 640
image_height: 384
camera_name: autoaim

camera_matrix:
  rows: 3
  cols: 3
  data: [809.021275, 0.000000, 338.983660, 0.000000, 807.092499, 144.993160, 0.000000, 0.000000, 1.000000]

distortion_model: plumb_bob
distortion_coefficients:
  rows: 1
  cols: 5
  data: [-0.066781, 0.113862, 0.000573, 0.003032, 0.000000]

rectification_matrix:
  rows: 3
  cols: 3
  data: [1.000000, 0.000000, 0.000000, 0.000000, 1.000000, 0.000000, 0.000000, 0.000000, 1.000000]

projection_matrix:
  rows: 3
  cols: 4
  data: [801.120361, 0.000000, 339.815153, 0.000000, 0.000000, 802.152283, 144.430579, 0.000000, 0.000000, 0.000000, 1.000000, 0.000000]